0 0.952136 0.444557 0.043110 0.158530 
0 0.297927 0.672579 0.048820 0.161716 
0 0.664122 0.562284 0.040333 0.152672 
0 0.494786 0.545508 0.039472 0.157250 
0 0.386735 0.662582 0.041008 0.185676 
0 0.831458 0.274821 0.033731 0.142870 
0 0.550090 0.521429 0.026361 0.136193 
0 0.490226 0.192517 0.026327 0.124977 
0 0.569434 0.376809 0.034756 0.147155 
0 0.293126 0.515386 0.037430 0.132523 
0 0.611770 0.336905 0.028720 0.120464 
0 0.369824 0.204212 0.029075 0.136100 
0 0.434483 0.074357 0.020440 0.112750 
0 0.946736 0.153581 0.022308 0.114450 
0 0.051020 0.154325 0.026616 0.115685 
0 0.124590 0.065925 0.032835 0.108302 
0 0.506491 0.432916 0.037304 0.157406 
0 0.095122 0.772875 0.050656 0.174036 
0 0.190936 0.500807 0.031003 0.135308 
0 0.385904 0.130616 0.029408 0.111615 
0 0.204595 0.068272 0.020682 0.096319 
0 0.454997 0.076469 0.020255 0.113226 
0 0.617382 0.195403 0.026846 0.102339 
0 0.221906 0.524680 0.040070 0.139147 
0 0.731405 0.075857 0.021922 0.137368 
0 0.918425 0.236411 0.039402 0.170989 
0 0.737137 0.073129 0.033662 0.146258 
0 0.925861 0.150988 0.023212 0.106580 
0 0.379572 0.032021 0.018710 0.064042 
1 0.095027 0.772605 0.050490 0.173935 
0 0.660337 0.040023 0.021072 0.077548 
