0 0.514783 0.846118 0.051133 0.184659 
0 0.410969 0.851723 0.049469 0.184668 
0 0.485347 0.343022 0.033626 0.144115 
0 0.795919 0.138432 0.028923 0.128002 
0 0.368756 0.067173 0.022935 0.118632 
0 0.289579 0.946939 0.059327 0.106123 
0 0.658834 0.312870 0.033496 0.142298 
0 0.327347 0.068525 0.027942 0.094309 
0 0.984154 0.238643 0.030925 0.129873 
0 0.536640 0.670811 0.048008 0.181547 
0 0.728532 0.081838 0.019514 0.122498 
0 0.939633 0.392034 0.042183 0.145029 
0 0.381036 0.414041 0.034159 0.161638 
0 0.959944 0.232280 0.031097 0.114223 
0 0.546005 0.318023 0.021922 0.123159 
0 0.569820 0.213993 0.029259 0.132057 
0 0.498626 0.065846 0.028525 0.117718 
0 0.641529 0.563364 0.035394 0.128845 
1 0.089553 0.817053 0.053484 0.169491 
0 0.121700 0.145759 0.033466 0.120617 
0 0.530396 0.069479 0.019040 0.098286 
0 0.644970 0.075854 0.027826 0.132084 
2 0.919984 0.462125 0.046545 0.032027 
0 0.268037 0.781195 0.044444 0.164607 
0 0.390883 0.038114 0.017777 0.076227 
3 0.641808 0.563661 0.035944 0.132720 
4 0.522847 0.672875 0.023845 0.053329 
