0 0.500514 0.558177 0.039373 0.167074 
0 0.404662 0.548819 0.037218 0.147460 
0 0.813796 0.783413 0.052108 0.168086 
0 0.676524 0.902572 0.045471 0.154319 
0 0.498744 0.165581 0.034020 0.131561 
0 0.777862 0.951747 0.052142 0.096506 
0 0.597204 0.762000 0.049760 0.164823 
0 0.670188 0.134645 0.026359 0.118038 
0 0.390343 0.238772 0.029669 0.146245 
0 0.729606 0.078528 0.020180 0.128939 
0 0.530719 0.168731 0.023711 0.112853 
0 0.552804 0.167746 0.018508 0.112917 
0 0.103415 0.248263 0.039775 0.130526 
0 0.962298 0.595312 0.049394 0.175579 
0 0.887258 0.122688 0.048532 0.113454 
0 0.035394 0.169131 0.031232 0.112329 
0 0.011038 0.349641 0.021937 0.116064 
0 0.964998 0.086636 0.027676 0.124079 
0 0.559315 0.082584 0.024874 0.111069 
0 0.441507 0.061720 0.017478 0.098417 
0 0.931663 0.089075 0.028211 0.114457 
0 0.983617 0.176099 0.031973 0.182962 
0 0.642002 0.034616 0.017497 0.069231 
0 0.188314 0.493477 0.033645 0.139456 
0 0.734844 0.076097 0.030698 0.139060 
0 0.513592 0.075073 0.020825 0.098391 
0 0.978036 0.148538 0.035333 0.123158 
0 0.607391 0.037025 0.020650 0.072829 
0 0.195057 0.498040 0.046298 0.138604 
