0 0.104752 0.762216 0.048209 0.188470 
0 0.898222 0.462150 0.040888 0.152967 
0 0.602586 0.808980 0.040865 0.158211 
0 0.635716 0.950748 0.051350 0.098503 
0 0.571507 0.605801 0.042977 0.152806 
0 0.017141 0.555369 0.034282 0.151279 
0 0.545911 0.835751 0.033321 0.164067 
0 0.931639 0.257675 0.038152 0.140893 
0 0.590004 0.189427 0.024651 0.104250 
0 0.399519 0.288818 0.028468 0.135680 
0 0.494046 0.353327 0.034765 0.134967 
0 0.376135 0.391640 0.032003 0.139797 
0 0.367773 0.971542 0.045304 0.056915 
0 0.317319 0.458087 0.041846 0.134788 
0 0.863982 0.818907 0.051378 0.190366 
0 0.951511 0.347415 0.036457 0.143359 
0 0.627296 0.059062 0.022145 0.114057 
0 0.427444 0.101070 0.019150 0.115486 
0 0.111658 0.926590 0.055834 0.146820 
0 0.382781 0.125693 0.024949 0.118721 
0 0.729993 0.093554 0.020955 0.123661 
0 0.192786 0.511600 0.029435 0.145469 
0 0.854251 0.649789 0.047535 0.162096 
0 0.905838 0.145192 0.032764 0.126330 
0 0.058559 0.160415 0.028371 0.110950 
0 0.317597 0.349130 0.032045 0.103037 
0 0.989372 0.335602 0.020573 0.133794 
0 0.066374 0.155308 0.043495 0.119338 
0 0.609225 0.077693 0.021844 0.106837 
0 0.068618 0.137256 0.046153 0.153388 
0 0.886751 0.092033 0.021552 0.106535 
0 0.534491 0.275098 0.032512 0.144293 
0 0.461287 0.104761 0.024289 0.115514 
0 0.512259 0.047795 0.018710 0.090767 
0 0.223752 0.534504 0.048010 0.136728 
0 0.870032 0.095435 0.022514 0.102175 
0 0.989923 0.207547 0.019578 0.103302 
0 0.700797 0.050298 0.025639 0.097497 
0 0.483246 0.089162 0.018789 0.116311 
0 0.625024 0.336271 0.034579 0.104932 
0 0.248443 0.519982 0.033898 0.120808 
1 0.624936 0.343374 0.035812 0.119085 
